# omega_b,        omega_cdm,      H0,             A_s,            n_s,            tau_reio,       r,              A_ps_100,       A_ps_143,       A_ps_217,       A_cib_143,      A_cib_217,      A_sz,           r_ps,           r_cib,          n_Dl_cib,       cal_100,        cal_217,        xi_sz_cib,      A_ksz,          Bm_1_1,         z_reio,         Omega_Lambda,   YHe,            ln10^{10}A_s,   age             
 5.92478e-08	-8.73620e-08	 9.23170e-05	 1.90251e-15	 4.17317e-07	 4.58405e-07	 1.37626e-07	-7.35372e-04	-5.65229e-04	-4.44811e-05	-9.40629e-05	-2.17169e-04	 3.22530e-05	 5.20090e-07	-3.57702e-06	-1.24631e-06	 1.76102e-09	-5.79074e-09	 2.72519e-07	-3.49390e-05	-2.17051e-06	 1.83141e-05	 8.48193e-07	 2.54383e-08	 8.66190e-07	-7.38696e-06	
-8.73620e-08	 2.05880e-06	-8.36138e-04	-4.23318e-16	-4.38286e-06	-2.72414e-06	-6.65683e-06	 3.03752e-03	 1.00395e-03	 8.06525e-04	-3.87539e-05	 8.28617e-06	-1.37474e-04	 3.17373e-07	-6.54664e-06	 1.60573e-06	-2.27333e-08	 2.14376e-08	-4.61448e-06	-9.76273e-05	 4.12129e-05	-1.56630e-04	-1.12998e-05	-3.75190e-08	-1.85830e-07	 1.97934e-05	
 9.23170e-05	-8.36138e-04	 4.29228e-01	 2.28728e-12	 2.12932e-03	 1.46161e-03	 2.55490e-03	-1.56403e+00	-8.65081e-01	-3.26937e-01	-6.77191e-02	-2.01722e-01	 7.89150e-02	 2.77952e-04	-1.11838e-03	-1.77055e-03	 1.03329e-05	-1.29401e-05	 1.43472e-03	 1.78526e-03	-1.46741e-02	 7.61294e-02	 5.23379e-03	 3.96412e-05	 1.03985e-03	-1.75183e-02	
 1.90251e-15	-4.23318e-16	 2.28728e-12	 3.04051e-21	 4.43160e-14	 6.84836e-13	-2.86030e-13	-1.55668e-10	-1.65149e-11	 3.61568e-11	-2.00203e-11	-3.16916e-11	-1.00262e-12	 1.65360e-13	-9.70825e-13	 1.09976e-15	 3.14851e-16	 1.92028e-15	 4.92468e-13	-1.24468e-11	 1.03576e-12	 5.85198e-11	 1.63145e-14	 8.16002e-16	 1.38683e-12	-2.42571e-13	
 4.17317e-07	-4.38286e-06	 2.12932e-03	 4.43160e-14	 2.85618e-05	 1.60918e-05	 3.91422e-05	-4.58740e-02	-5.37713e-03	 1.02558e-02	-4.47952e-03	-7.93699e-03	 1.27302e-04	 3.62925e-05	-1.99819e-04	 1.54723e-06	-8.25126e-09	 1.91549e-07	 6.78302e-05	-2.60315e-03	 7.33409e-05	 1.14767e-03	 2.65424e-05	 1.79173e-07	 2.01791e-05	-7.93363e-05	
 4.58405e-07	-2.72414e-06	 1.46161e-03	 6.84836e-13	 1.60918e-05	 1.59777e-04	-5.07199e-05	-3.90581e-02	-7.30789e-03	 1.47244e-03	-2.84907e-03	-4.89386e-03	 2.75690e-04	 2.21926e-05	-1.36061e-04	-7.29001e-06	 7.53957e-08	 1.34095e-07	 9.35063e-05	-1.81825e-03	-1.39648e-04	 1.35923e-02	 1.72355e-05	 1.96645e-07	 3.12455e-04	-6.69486e-05	
 1.37626e-07	-6.65683e-06	 2.55490e-03	-2.86030e-13	 3.91422e-05	-5.07199e-05	 1.46646e-03	-3.77380e-02	-1.32936e-02	 4.93385e-04	-2.37737e-03	-4.47138e-03	 8.83134e-04	 2.24876e-05	-1.46022e-05	 1.24113e-05	-7.09971e-08	-4.34958e-07	-1.79182e-04	 2.55182e-04	-4.65918e-04	-4.57145e-03	 3.54971e-05	 5.91549e-08	-1.30346e-04	-4.67245e-05	
-7.35372e-04	 3.03752e-03	-1.56403e+00	-1.55668e-10	-4.58740e-02	-3.90581e-02	-3.77380e-02	 3.60506e+03	 1.16003e+02	-1.14115e+02	 7.14915e+01	 8.95422e+01	-6.97976e+01	-8.39119e-01	-4.03262e-01	 7.80656e-01	 6.99154e-04	 1.62663e-03	 1.48066e-01	-1.70891e+01	 1.73034e+01	-3.06487e+00	-1.80690e-02	-3.15603e-04	-7.09869e-02	 7.47660e-02	
-5.65229e-04	 1.00395e-03	-8.65081e-01	-1.65149e-11	-5.37713e-03	-7.30789e-03	-1.32936e-02	 1.16003e+02	 1.74641e+02	 2.82349e+01	-3.33319e+01	 3.32543e+00	-8.11163e+00	-1.61354e-01	 1.16550e-01	 3.15738e-02	 3.87340e-05	 9.80468e-04	 1.14972e+00	-1.35744e+01	 3.83189e-01	-4.20936e-01	-8.25782e-03	-2.42685e-04	-7.46624e-03	 6.42972e-02	
-4.44811e-05	 8.06525e-04	-3.26937e-01	 3.61568e-11	 1.02558e-02	 1.47244e-03	 4.93385e-04	-1.14115e+02	 2.82349e+01	 2.60302e+02	-2.06190e+01	-1.02940e+02	 3.64140e+00	 5.54384e-02	-1.56850e+00	-8.99181e-01	 1.16602e-05	-2.65726e-03	 5.18060e-01	-1.18146e+01	 9.76446e-01	 1.61550e-01	-4.40566e-03	-1.90132e-05	 1.65486e-02	 7.96510e-03	
-9.40629e-05	-3.87539e-05	-6.77191e-02	-2.00203e-11	-4.47952e-03	-2.84907e-03	-2.37737e-03	 7.14915e+01	-3.33319e+01	-2.06190e+01	 2.76125e+01	 1.22412e+01	-2.75559e+00	 1.15680e-03	 5.47118e-02	 9.62534e-02	-3.32596e-05	-3.22959e-04	 1.17155e-01	-4.42995e-01	-4.35538e-01	-2.14626e-01	-3.11792e-04	-4.03322e-05	-9.11952e-03	 9.64462e-03	
-2.17169e-04	 8.28617e-06	-2.01722e-01	-3.16916e-11	-7.93699e-03	-4.89386e-03	-4.47138e-03	 8.95422e+01	 3.32543e+00	-1.02940e+02	 1.22412e+01	 5.20255e+01	-1.94458e+00	 1.10550e-02	 7.11737e-01	 5.39416e-01	 9.20007e-06	 1.30959e-03	-2.76972e-01	-6.89926e-01	-3.48707e-01	-3.52652e-01	-1.27621e-03	-9.32336e-05	-1.44734e-02	 2.35529e-02	
 3.22530e-05	-1.37474e-04	 7.89150e-02	-1.00262e-12	 1.27302e-04	 2.75690e-04	 8.83134e-04	-6.97976e+01	-8.11163e+00	 3.64140e+00	-2.75559e+00	-1.94458e+00	 7.55236e+00	 4.52891e-02	 2.34468e-01	-4.04092e-02	 1.24857e-05	-2.40849e-04	-6.51974e-02	 1.65906e-01	 1.85291e-01	 9.91389e-03	 8.92345e-04	 1.38387e-05	-4.68526e-04	-4.07250e-03	
 5.20090e-07	 3.17373e-07	 2.77952e-04	 1.65360e-13	 3.62925e-05	 2.21926e-05	 2.24876e-05	-8.39119e-01	-1.61354e-01	 5.54384e-02	 1.15680e-03	 1.10550e-02	 4.52891e-02	 6.30622e-03	-5.29587e-03	 4.10622e-03	 2.82571e-07	-8.51648e-06	 3.33228e-03	-8.52478e-03	 3.78239e-03	 1.71782e-03	 7.45857e-07	 2.24254e-07	 7.51090e-05	-4.78283e-05	
-3.57702e-06	-6.54664e-06	-1.11838e-03	-9.70825e-13	-1.99819e-04	-1.36061e-04	-1.46022e-05	-4.03262e-01	 1.16550e-01	-1.56850e+00	 5.47118e-02	 7.11737e-01	 2.34468e-01	-5.29587e-03	 5.09736e-02	-4.22284e-03	 1.32454e-06	 3.60930e-05	 2.39911e-03	-2.08252e-02	-6.16809e-03	-1.08101e-02	 1.18557e-05	-1.53582e-06	-4.43907e-04	 3.76562e-04	
-1.24631e-06	 1.60573e-06	-1.77055e-03	 1.09976e-15	 1.54723e-06	-7.29001e-06	 1.24113e-05	 7.80656e-01	 3.15738e-02	-8.99181e-01	 9.62534e-02	 5.39416e-01	-4.04092e-02	 4.10622e-03	-4.22284e-03	 1.51714e-02	 6.26685e-07	 4.53119e-07	-2.30573e-03	-3.23134e-03	 6.05247e-03	-2.13653e-04	-1.55914e-05	-5.33822e-07	 1.01209e-07	 1.46089e-04	
 1.76102e-09	-2.27333e-08	 1.03329e-05	 3.14851e-16	-8.25126e-09	 7.53957e-08	-7.09971e-08	 6.99154e-04	 3.87340e-05	 1.16602e-05	-3.32596e-05	 9.20007e-06	 1.24857e-05	 2.82571e-07	 1.32454e-06	 6.26685e-07	 1.57942e-07	 6.21009e-09	-4.25567e-07	-6.46999e-08	-1.67641e-05	 5.54364e-06	 1.32237e-07	 7.58470e-10	 1.45404e-07	-3.37619e-07	
-5.79074e-09	 2.14376e-08	-1.29401e-05	 1.92028e-15	 1.91549e-07	 1.34095e-07	-4.34958e-07	 1.62663e-03	 9.80468e-04	-2.65726e-03	-3.22959e-04	 1.30959e-03	-2.40849e-04	-8.51648e-06	 3.60930e-05	 4.53119e-07	 6.21009e-09	 1.86323e-06	 1.33633e-07	 1.60531e-05	 1.15813e-04	 1.38789e-05	-1.42051e-07	-2.49589e-09	 8.75287e-07	 7.10913e-07	
 2.72519e-07	-4.61448e-06	 1.43472e-03	 4.92468e-13	 6.78302e-05	 9.35063e-05	-1.79182e-04	 1.48066e-01	 1.14972e+00	 5.18060e-01	 1.17155e-01	-2.76972e-01	-6.51974e-02	 3.33228e-03	 2.39911e-03	-2.30573e-03	-4.25567e-07	 1.33633e-07	 8.26821e-02	 1.20919e-02	 4.09824e-03	 7.92831e-03	 2.23267e-05	 1.18643e-07	 2.25371e-04	-9.44383e-06	
-3.49390e-05	-9.76273e-05	 1.78526e-03	-1.24468e-11	-2.60315e-03	-1.81825e-03	 2.55182e-04	-1.70891e+01	-1.35744e+01	-1.18146e+01	-4.42995e-01	-6.89926e-01	 1.65906e-01	-8.52478e-03	-2.08252e-02	-3.23134e-03	-6.46999e-08	 1.60531e-05	 1.20919e-02	 7.78150e+00	-2.49286e-02	-1.48344e-01	 2.89733e-04	-1.50312e-05	-5.68251e-03	 3.49359e-03	
-2.17051e-06	 4.12129e-05	-1.46741e-02	 1.03576e-12	 7.33409e-05	-1.39648e-04	-4.65918e-04	 1.73034e+01	 3.83189e-01	 9.76446e-01	-4.35538e-01	-3.48707e-01	 1.85291e-01	 3.78239e-03	-6.16809e-03	 6.05247e-03	-1.67641e-05	 1.15813e-04	 4.09824e-03	-2.49286e-02	 3.23027e-01	-1.04400e-02	-2.06380e-04	-9.32582e-07	 4.72068e-04	 2.23517e-04	
 1.83141e-05	-1.56630e-04	 7.61294e-02	 5.85198e-11	 1.14767e-03	 1.35923e-02	-4.57145e-03	-3.06487e+00	-4.20936e-01	 1.61550e-01	-2.14626e-01	-3.52652e-01	 9.91389e-03	 1.71782e-03	-1.08101e-02	-2.13653e-04	 5.54364e-06	 1.38789e-05	 7.92831e-03	-1.48344e-01	-1.04400e-02	 1.16636e+00	 9.39900e-04	 7.84885e-06	 2.67165e-02	-2.92905e-03	
 8.48193e-07	-1.12998e-05	 5.23379e-03	 1.63145e-14	 2.65424e-05	 1.72355e-05	 3.54971e-05	-1.80690e-02	-8.25782e-03	-4.40566e-03	-3.11792e-04	-1.27621e-03	 8.92345e-04	 7.45857e-07	 1.18557e-05	-1.55914e-05	 1.32237e-07	-1.42051e-07	 2.23267e-05	 2.89733e-04	-2.06380e-04	 9.39900e-04	 6.67683e-05	 3.64260e-07	 7.40040e-06	-1.75750e-04	
 2.54383e-08	-3.75190e-08	 3.96412e-05	 8.16002e-16	 1.79173e-07	 1.96645e-07	 5.91549e-08	-3.15603e-04	-2.42685e-04	-1.90132e-05	-4.03322e-05	-9.32336e-05	 1.38387e-05	 2.24254e-07	-1.53582e-06	-5.33822e-07	 7.58470e-10	-2.49589e-09	 1.18643e-07	-1.50312e-05	-9.32582e-07	 7.84885e-06	 3.64260e-07	 1.09224e-08	 3.71521e-07	-3.17183e-06	
 8.66190e-07	-1.85830e-07	 1.03985e-03	 1.38683e-12	 2.01791e-05	 3.12455e-04	-1.30346e-04	-7.09869e-02	-7.46624e-03	 1.65486e-02	-9.11952e-03	-1.44734e-02	-4.68526e-04	 7.51090e-05	-4.43907e-04	 1.01209e-07	 1.45404e-07	 8.75287e-07	 2.25371e-04	-5.68251e-03	 4.72068e-04	 2.67165e-02	 7.40040e-06	 3.71521e-07	 6.32765e-04	-1.10496e-04	
-7.38696e-06	 1.97934e-05	-1.75183e-02	-2.42571e-13	-7.93363e-05	-6.69486e-05	-4.67245e-05	 7.47660e-02	 6.42972e-02	 7.96510e-03	 9.64462e-03	 2.35529e-02	-4.07250e-03	-4.78283e-05	 3.76562e-04	 1.46089e-04	-3.37619e-07	 7.10913e-07	-9.44383e-06	 3.49359e-03	 2.23517e-04	-2.92905e-03	-1.75750e-04	-3.17183e-06	-1.10496e-04	 1.20757e-03	
